[
	{
		"id": "smart",
		"dimensions": [
		  1.888,
		  2.695,
		  1.555
		],
		"rotation": [[ 0.99333459, -0.07675688,  0.08599292],
		   [ 0.07915692,  0.99655235, -0.02485154],
		   [-0.08378892,  0.03149283,  0.99598575]],
		"cameraPosition": [
		  0.944,
		  1,
		  1.3363363363363363
		],
		"calibrationParameter": {
			"mappingCoefficients": [405.4912462199090,-0.001440912782964,0.000001534038302671814,-0.000000003445578411650097],
			"imageSize": [480, 640],
			"distortionCenter": [322.9747299785971, 261.3262122251465],
			"stretchMatrix": [[1,0], [0,1]]
		}
	},
	{
		"id": "passat",
		"dimensions": [
		  2.083,
		  4.775,
		  1.483
		],
		"rotation": [
		  [ 0.99181029, -0.10097883, 0.07820249 ],
		  [ 0.1022692, 0.99467614, -0.01266469 ],
		  [ -0.07650729, 0.02055868, 0.99685705 ]
		],
		"cameraPosition": [
		  1.041,
		  1.6,
		  1.258
		],
		"calibrationParameter": {
			"mappingCoefficients": [389.0629124862945,-0.001573091074774,0.000002734730111359755,-0.000000006622934787551719],
			"imageSize": [480, 640],
			"distortionCenter": [320.9561509906940,277.1249938113623],
			"stretchMatrix": [[0.994303295214212,-0.037786301501645], [0.038044154795730,1]]
		}
	},
	{
		"id": "mercedes",
		"dimensions": [
		  2.02,
		  4.818,
		  1.462
		],
		"rotation": [
		  [ 0.99924009, -0.03628441, -0.01423698 ],
		  [ 0.03602357, 0.99918577, -0.01816862 ],
		  [ 0.01488463, 0.01764194, 0.99973357 ]
		],
		"cameraPosition": [
		  1.18,
		  1.85,
		  1.228
		],
		"calibrationParameter": {
			"mappingCoefficients": [402.9277417504681,-0.001330930621773,0.0000006962905292477972,-0.0000000009394025348668240],
			"imageSize": [480, 640],
			"distortionCenter": [326.1576815933253,203.8409099365607],
			"stretchMatrix": [[1,0], [0,1]]
		}
	},
	{
		"id": "daimler",
		"dimensions": [
		  2.249,
		  5.14,
		  1.88
		],
		"rotation": [
		  [ 0.99982417, 0.00304232, -0.01850324 ],
		  [ -0.00104575, 0.99426169, 0.10697008 ],
		  [ 0.0187225, -0.10693193, 0.99409005 ]
		],
		"cameraPosition": [
		  1.124,
		  1.35,
		  1.939
		],
		"calibrationParameter": {
			"mappingCoefficients": [408.1824388503350,-0.001488495144208,0.000001550635877780031,-0.000000002430019334469862],
			"imageSize": [480, 640],
			"distortionCenter": [319.1455569294537,228.7246144122634],
			"stretchMatrix": [[1,0], [0,1]]
		}
	},
	{
		"id": "fz0007",
		"dimensions": [
		  1.665,
		  3.495,
		  1.554
		],
		"rotation": [
			[
				0.9990675501429594,
				-0.02526035628979003,
				-0.035013492420183444
			],
			[
				0.014464980069130955,
				0.9599466185295966,
				-0.27980931708074486
			],
			[
				0.0406791666943292,
				0.2790419394530257,
				0.959416906992653
			]
		],
		"cameraPosition": [
		  1.124,
		  1.35,
		  1.8268268268268268
		],
		"calibrationParameter": {
			"mappingCoefficients": [402.9277417504681, -0.001330930621773, 6.962905292477972e-07, -9.39402534866824e-10],
			"imageSize": [480, 640],
			"distortionCenter": [326.1576815933253, 203.8409099365607],
			"stretchMatrix": [[1,0], [0,1]]
		}
	},
	{
		"id": "smart2",
		"dimensions": [
		  1.888,
		  2.695,
		  1.555
		],
		"rotation": [[
				0.9789985679657273,
            -0.19385668794461935,
            -0.06309824450963489
			],
			[
				0.1925369383718985,
            0.9809339308374216,
            -0.0264225414035115
			],
			[
				0.06701739537934123,
            0.01371888738152634,
            0.9976574867386011
			]],
		"cameraPosition": [
		  0.944,
		  1,
		  1.3313313313313313
		],
		"calibrationParameter": {
			"mappingCoefficients": [
			405.491246219909,
        -0.001440912782964,
        1.534038302671814e-06,
        -3.445578411650097e-09
			],
			"distortionCenter": [322.9747299785971,261.3262122251465],
			"stretchMatrix": [
				[
					1,
					0
				],
				[
					0,
					1
				]
			]
		}
	},
	{
		"id": "Passat2",
		"dimensions": [
		  2.083,
		  4.775,
		  1.483
		],
		"rotation": [
			[
				0.9957811964812617,
				-0.03906505361440223,
				0.08302849101634437
			],
			[
				0.05526464530489023,
				0.9776566753745666,
				-0.20281332321835896
			],
			[
				-0.07325044514316599,
				0.20654623376293682,
				0.9756910502841946
			]
		],
		"cameraPosition": [
		  1.041,
		  1.6,
		  1.2762762762762763
		],
		"calibrationParameter": {
			"mappingCoefficients": [402.9277417504681, -0.001330930621773, 6.962905292477972e-07, -9.39402534866824e-10],
			"imageSize": [480, 640],
			"distortionCenter": [326.1576815933253, 203.8409099365607],
			"stretchMatrix": [[1,0], [0,1]]
		}
	}
]
