[
  {
    "id": "smart",
    "dimensions": [
      1.888,
      2.695,
      1.555
    ],
    "rotation": [[ 0.99454505,  0.10059097,  0.02759721], [-0.0983352,   0.99242933, -0.07358128], [-0.03478989,  0.07046612,  0.99690731]],
    "cameraPosition": [
      0.944,
      1,
      1.319
    ],
    "calibrationParameter": {
		"mappingCoefficients": [405.4912462199090,-0.001440912782964,0.000001534038302671814,-0.000000003445578411650097],
		"imageSize": [480, 640],
		"distortionCenter": [322.9747299785971, 261.3262122251465],
		"stretchMatrix": [[1,0], [0,1]]
	}
  },
  {
    "id": "passat",
    "dimensions": [
      2.083,
      4.775,
      1.483
    ],
    "rotation": [[ 0.99685705,  0.07820249,  0.01266469], [-0.07650729,  0.99181029, -0.1022692 ], [-0.02055868,  0.10097883,  0.99467614]]
    "cameraPosition": [
      1.041,
      1.6,
      1.258
    ],
    "calibrationParameter": {
		"mappingCoefficients": [389.0629124862945,-0.001573091074774,0.000002734730111359755,-0.000000006622934787551719],
		"imageSize": [480, 640],
		"distortionCenter": [320.9561509906940,277.1249938113623],
		"stretchMatrix": [[0.994303295214212,-0.037786301501645], [0.038044154795730,1]]
	}
  },
  {
    "id": "mercedes",
    "dimensions": [
      2.02,
      4.818,
      1.462
    ],
    "rotation": [[ 0.99973357, -0.01423698,  0.01816862], [ 0.01488463, 0.99924009, -0.03602357], [-0.01764194, 0.03628441, 0.99918577]],
    "cameraPosition": [
      1.18,
      1.85,
      1.228
    ],
    "calibrationParameter": {
		"mappingCoefficients": [402.9277417504681,-0.001330930621773,0.0000006962905292477972,-0.0000000009394025348668240],
		"imageSize": [480, 640],
		"distortionCenter": [326.1576815933253,203.8409099365607],
		"stretchMatrix": [[1,0], [0,1]]
	}
  },
  {
    "id": "daimler",
    "dimensions": [
      2.249,
      5.14,
      1.88
    ],
    "rotation": [[0.99409005, -0.01850324, -0.10697008],[0.0187225, 0.99982417, 0.00104575],[0.10693193, -0.00304232, 0.99426169]],
    "cameraPosition": [
      1.124,
      1.35,
      1.939
    ],
    "calibrationParameter": {
		"mappingCoefficients": [408.1824388503350,-0.001488495144208,0.000001550635877780031,-0.000000002430019334469862],
		"imageSize": [480, 640],
		"distortionCenter": [319.1455569294537,228.7246144122634],
		"stretchMatrix": [[1,0], [0,1]]
	}
  }
]